30010
30012
30013
30014
30015
30016
30018
30019
30024
30025
30026
30027
30028
30029
30030
30034
30036
30039
30042
30045
30046
30048
30049
30050
30051
30052
30053
30054
30055
30056
30057
30058
30059
30060
30061
30064
30065
30066
30070
30071
30072
30073
30074
30075
30076
30077
30078
30079
30080
30081
30082
30083
30085
30086
30088
30089
30090
30091
30092
30093
30094
30095
30096
30097
30098
30099
30100
30103
30104
30105
30106
30107
30116
30117
30118
30119
30120
30121
30122
30123
30124
30125
30127
30128
30129
30131
30132
30133
30134
30135
30137
30138
30139
30140
30143
30144
30145
30148
30149
30150
30151
30152
30153
30154
30155
30156
30157
30158
30159
30160
30161
30162
30163
30164
30165
30166
30167
30168
30169
30173
30176
30177
30178
30187
30191
30193
30196
30198
30199
30200
30201
30202
30204
30205
30206
30207
30208
30209
30210
30211
30212
30213
30214
30217
30218
30223
30228
30230
30232
30234
30235
30237
30240
30241
30242
30243
30245
30246
30247
30249
30250
30251
30262
30263
30264
30267
30268
30269
30276
30278
30279
30284
30289
30290
30291
30292
30296
30298
30300
30305
30307
30309
30311
30312
30313
30321
30324
30326
30327
30328
30329
30330
30331
30332
30334
30335
30336
30337
30339
30340
30341
30342
30343
30344
30346
30347
30349
30355
30358
30360
30362
30363
30364
30365
30367
30370
30375
30376
30378
30379
30381
30382
30383
30384
30385
30386
30390
30392
30393
30394
30395
30396
30397
30398
30399
30400
30401
30403
30404
30405
30407
30408
30409
30410
30411
30412
30413
30415
30417
30418
30419
30420
30424
30425
30427
30428
30429
30430
30431
30433
30435
30437
30438
30442
30443
30444
30445
30446
30447
30448
30449
30450
30453
30454
30455
30457
30458
30460
30463
30464
30468
30470
30473
30480
30481
30483
30484
30485
30489
30499
30503
30512
30514
30519
30524
30530
30531
30532
30533
30534
30537
30543
30544
30547
30549
30556
30559
30567
30571
30573
30576
30582
30583
30585
30600
30602
30605
30614
30617
30625
30634
30641
30646
30647
30648
30649
30651
30652
30654
30658
30659
30663
30664
30665
30666
30667
30668
30669
30673
30679
30686
30694
30695
30702
30704
30705
30709
30711
30714
30721
30723
30727
30732
30736
30738
30739
30740
30741
30743
30745
30746
30749
30751
30752
30753
30754
30757
30759
30760
30761
30762
30763
30764
30765
30766
30767
30770
30771
30777
30778
30781
30782
30790
30795
30796
30803
30806
30812
30813
30814
30817
30818
30825
30826
30829
30831
30839
30840
30842
30845
30850
30851
30859
30860
30861
30862
30863
30864
30865
30868
30869
30870
30873
30875
30885
30886
30891
30892
30893
30895
30896
30898
30901
30902
30903
30905
30906
30907
30909
30911
30912
30914
30915
30916
30919
30920
30921
30922
30923
30925
30926
30927
30928
30929
30930
30931
30932
30933
30935
30938
30939
30940
30941
30942
30943
30944
30947
30948
30952
30953
30954
30955
30957
30958
30959
30960
30961
30965
30967
30968
30969
30970
30971
30973
30974
30975
30976
30977
30978
30979
30980
30981
30982
30983
30984
30985
30988
30989
30991
30997
30998
30999
31000
31001
31002
31003
31004
31005
31007
31008
31009
31014
31015
31016
31017
31018
31019
31020
31033
31034
31035
31043
31044
31048
31049
31050
31051
31052
31054
31055
31056
31057
31064
31065
31068
31070
31071
31072
31073
31078
31080
31091
31096
31098
31101
31102
31105
31107
31108
31109
31111
31113
31115
31116
31117
31118
31121
31128
31129
31133
31135
31137
31138
31139
31143
31144
31145
31147
31149
31150
31156
31157
31158
31163
31164
31165
31166
31168
31170
31173
31174
31177
31178
31181
31189
31196
31201
31202
31205
31211
31221
31223
31227
31229
31231
31233
31234
31235
31236
31237
31238
31239
31240
31244
31245
31246
31251
31252
31255
31257
31258
31259
31261
31262
31263
31264
31265
31266
31267
31268
31269
31280
31283
31289
31297
31298
31299
31300
31302
31309
31310
31317
31318
31319
31321
31324
31326
31327
31331
31338
31339
31344
31348
31361
31362
31368
31369
31370
31373
31374
31376
31377
31378
31380
31387
31389
31397
31400
31401
31402
31403
31404
31405
31410
31414
31417
31418
31422
31424
31426
31427
31430
31433
31436
31439
31440
31442
31445
31448
31450
31452
31454
31456
31463
31464
31465
31467
31471
31476
31478
31483
31485
31486
31490
31491
31493
31494
31498
31499
31500
31501
31505
31506
31507
31508
31509
31510
31511
31512
31513
31517
31518
31519
31521
31530
31534
31537
31539
31540
31547
31549
31551
31552
31553
31555
31559
31560
31561
31562
31563
31564
31566
31568
31573
31575
31578
31580
31581
31582
31583
31584
31585
31586
31587
31588
31592
31593
31598
31599
31603
31604
31605
31608
31610
31617
31618
31621
31624
31629
31630
31631
31633
31634
31636
31637
31638
31639
31640
31641
31642
31643
31644
31645
31646
31647
31652
31658
31662
31665
31667
31668
31669
31670
31672
31673
31674
31675
31676
31678
31680
31683
31685
31686
31687
31688
31689
31690
31691
31692
31693
31694
31695
31696
31697
31698
31699
31700
31701
31704
31706
31710
31711
31715
31716
31722
31730
31733
31736
31737
31738
31740
31741
31746
31747
31749
31750
31753
31754
31756
31757
31758
31759
31760
31761
31762
31763
31764
31765
31769
31771
31772
31777
31780
31783
31788
31789
31790
31793
31797
31798
31804
31807
31810
31812
31815
31821
31827
31829
31830
31831
31832
31833
31834
31838
31845
31846
31848
31851
31853
31859
31861
31865
31866
31867
31868
31872
31873
31874
31878
31880
31882
31883
31884
31885
31886
31890
31892
31893
31894
31898
31903
31904
31908
31909
31911
31912
31914
31918
31919
31923
31924
31925
31926
31927
31930
31931
31933
31941
31942
31948
31952
31953
31964
31965
31966
31967
31971
31972
31973
31977
31978
31980
31984
31988
31989
31994
31995
31997
32005
32010
32011
32012
32013
32014
32015
32016
32023
32026
32030
32031
32032
32034
32038
32039
32041
32051
32058
32059
32063
32065
32071
32073
32074
32083
32084
32086
32087
32088
32089
32092
32093
32094
32105
32107
32108
32122
32133
32136
32139
32142
32143
32144
32145
32146
32147
32148
32149
32150
32151
32152
32153
32158
32160
32166
32167
32171
32174
32175
32182
32188
32189
32190
32191
32195
32197
32202
32212
32214
32215
32218
32219
32221
32222
32224
32225
32226
32227
32228
32229
32230
32233
32237
32238
32239
32240
32245
32247
32248
32251
32252
32253
32254
32255
32256
32257
32259
32262
32264
32267
32268
32269
32270
32271
32274
32275
32276
32281
32282
32287
32288
32289
32291
32293
32294
32295
32296
32298
32301
32309
32310
32311
32313
32321
32322
32323
32324
32338
32343
32344
32345
32346
32349
32353
32355
32359
32360
32365
32366
32369
32370
32376
32377
32379
32380
32382
32383
32384
32385
32388
32397
32400
32402
32405
32407
32408
32409
32410
32412
32415
32417
32418
32419
32420
32421
32422
32423
32430
32438
32446
32447
32448
32454
32455
32461
32467
32468
32472
32473
32475
32481
32483
32484
32485
32491
32494
32502
32503
32511
32518
32521
32526
32534
32542
32543
32547
32548
32551
32553
32555
32557
32559
32561
32563
32564
32566
32568
32571
32572
32574
32580
32581
32582
32583
32587
32588
32590
32593
32595
32596
32598
32600
32601
32603
32606
32607
32608
32609
32613
32615
32618
32620
32621
32622
32623
32625
32626
32627
32628
32629
32630
32633
32634
32636
32637
32639
32642
32644
32645
32646
32648
32660
32664
32665
32666
32667
32668
32670
32673
32676
32681
32682
32684
32686
32691
32693
32695
32696
32697
32698
32699
32700
32707
32713
32716
32717
32728
32729
32730
32732
32733
32734
32735
32736
32737
32738
32739
32740
32741
32745
32747
32748
32749
32750
32751
32755
32756
32757
32758
32759
32761
32763
32764
32765
32767
32768
32772
32773
32775
32776
32777
32778
32779
32781
32783
32784
32785
32788
32789
32790
32792
32796
32797
32799
32800
32801
32802
32803
32804
32805
32806
32807
32808
32809
32811
32812
32813
32816
32818
32819
32820
32821
32823
32826
32828
32829
32831
32832
32833
32834
32835
32836
32842
32843
32844
32845
32850
32851
32852
32853
32854
32855
32856
32858
32859
32861
32863
32864
32866
32867
32868
32869
32870
32871
32872
32875
32876
32878
32879
32881
32884
32886
32887
32888
32889
32890
32892
32894
32895
32897
32898
32899
32900
32901
32902
32904
32906
32907
32915
32916
32920
32924
32926
32927
32930
32932
32933
32934
32935
32936
32937
32943
32944
32946
32947
32948
32949
32950
32951
32953
32954
32956
32959
32961
32962
32977
32979
32981
32982
32983
32989
32993
32995
32997
32998
32999
33002
33003
33004
33010
33011
33012
33013
33018
33019
33021
33023
33024
33025
33026
33027
33028
33031
33032
33033
33034
33036
33037
33038
33041
33042
33044
33045
33046
33047
33048
33051
33056
33059
33060
33062
33064
33069
33074
33075
33077
33078
33079
33080
33082
33083
33084
33085
33086
33087
33091
33094
33095
33099
33102
33103
33105
33108
33113
33114
33115
33116
33118
33119
33122
33123
33124
33125
33129
33130
33132
33133
33134
33135
33136
33138
33142
33144
33145
33153
33154
33157
33161
33163
33164
33165
33170
33173
33174
33175
33176
33177
33181
33183
33185
33187
33188
33190
33191
33192
33193
33194
33195
33196
33197
33199
33200
33201
33203
33204
33205
33206
33209
33213
33215
33217
33219
33220
33221
33222
33225
33226
33231
33232
33236
33237
33238
33239
33240
33241
33242
33244
33245
33247
33248
33253
33254
33255
33258
33262
33263
33266
33267
33271
33272
33273
33274
33276
33278
33279
33281
33282
33283
33290
33291
33299
33300
33302
33305
33309
33310
33314
33322
33325
33326
33335
33337
33338
33339
33341
33342
33343
33344
33348
33349
33350
33352
33357
33358
33362
33366
33371
33372
33377
33378
33383
33387
33388
33389
33390
33391
33392
33393
33394
33396
33398
33401
33414
33415
33417
33419
33420
33421
33422
33429
33433
33434
33443
33446
33447
33449
33454
33462
33473
33474
33475
33478
33479
33484
33485
33486
33487
33489
33490
33491
33493
33498
33499
33500
33501
33505
33506
33508
33511
33512
33513
33514
33515
33519
33520
33522
33523
33524
33525
33526
33527
33528
33532
33533
33534
33535
33536
33537
33538
33539
33540
33541
33542
33543
33544
33545
33546
33547
33548
33549
33550
33551
33552
33558
33562
33564
33566
33569
33570
33571
33572
33573
33578
33580
33581
33583
33588
33589
33602
33603
33604
33605
33606
33607
33630
33654
33655
33658
33661
33668
33672
33674
33689
33690
33691
33692
33693
33694
33695
33696
33702
33703
33704
33705
33708
33709
33710
33712
33713
33724
33726
33727
33728
33729
33730
33731
33733
33734
33735
33736
33737
33741
33743
33744
33746
33750
33755
33757
33758
33759
33760
33761
33762
33763
33764
33768
33769
33771
33775
33777
33779
33782
33783
33787
33788
33789
33791
33792
33795
33797
33798
33801
33803
33808
33811
33814
33818
33820
33821
33822
33823
33824
33826
33827
33828
33831
33834
33839
33840
33842
33843
33845
33846
33850
33852
33854
33855
33858
33859
33860
33861
33862
33863
33864
33866
33867
33868
33869
33870
33871
33872
33874
33875
33876
33877
33878
33879
33880
33881
33882
33885
33889
33899
33902
33905
33906
33907
33908
33909
33910
33911
33912
33913
33914
33915
33916
33929
33933
33948
33949
33950
33962
33964
33975
33985
33988
33993
33994
33997
33998
33999
34000
34003
34005
34006
34008
34009
34012
34013
34014
34015
34016
34018
34019
34021
34022
34028
34030
34032
34034
34036
34037
34038
34039
34048
34050
34051
34052
34055
34060
34075
34076
34077
34078
34083
34085
34086
34088
34091
34092
34093
34096
34100
34101
34102
34103
34104
34106
34107
34112
34113
34114
34115
34116
34117
34118
34119
34120
34121
34122
34124
34125
34126
34129
34134
34136
34140
34148
34151
34152
34153
34156
34158
34161
34162
34163
34164
34165
34166
34167
34168
34173
34176
34177
34178
34179
34180
34182
34183
34184
34185
34186
34187
34188
34189
34190
34191
34192
34193
34194
34197
34198
34201
34204
34205
34207
34208
34209
34213
34220
34222
34223
34224
34225
34226
34227
34231
34233
34234
34235
34236
34237
34238
34239
34240
34243
34244
34246
34248
34249
34250
34252
34257
34258
34259
34261
34262
34263
34264
34276
34277
34279
34280
34281
34283
34284
34286
34289
34290
34292
34295
34299
34300
34302
34303
34304
34307
34309
34310
34311
34312
34314
34315
34318
34319
34321
34323
34324
34325
34328
34332
34336
34337
34338
34340
34342
34346
34348
34349
34350
34353
34354
34355
34356
34358
34360
34361
34363
34366
34367
34368
34369
34370
34371
34372
34373
34374
34375
34376
34382
34383
34388
34389
34391
34392
34393
34394
34399
34402
34403
34406
34409
34410
34411
34412
34414
34416
34417
34418
34420
34422
34423
34424
34425
34426
34427
34428
34430
34432
34436
34437
34438
34439
34440
34443
34445
34447
34449
34450
34451
34453
34454
34455
34456
34458
34459
34464
34465
34467
34471
34472
34474
34475
34476
34480
34481
34482
34486
34488
34489
34490
34491
34492
34494
34497
34498
34500
34501
34502
34503
34504
34506
34510
34511
34513
34514
34519
34522
34525
34527
34528
34529
34530
34531
34532
34533
34534
34535
34537
34538
34539
34540
34541
34542
34543
34544
34547
34548
34549
34550
34552
34561
34565
34566
34572
34577
34580
34589
34591
34592
34595
34599
34600
34601
34602
34604
34606
34607
34611
34612
34613
34614
34615
34618
34620
34622
34623
34625
34626
34628
34629
34630
34631
34632
34633
34634
34636
34638
34639
34642
34643
34644
34647
34649
34651
34652
34655
34656
34657
34658
34659
34661
34662
34664
34665
34666
34667
34669
34670
34673
34674
34675
34676
34677
34678
34683
34685
34688
34689
34690
34691
34692
34693
34694
34695
34696
34697
34698
34699
34700
34701
34704
34705
34706
34707
34708
34709
34710
34711
34712
34716
34717
34718
34719
34720
34721
34722
34723
34724
34725
34726
34732
34733
34734
34738
34740
34741
34742
34743
34744
34745
34746
34747
34749
34751
34753
34754
34755
34756
34757
34758
34759
34762
34763
34764
34765
34766
34771
34772
34773
34776
34777
34779
34781
34782
34784
34785
34787
34790
34792
34793
34794
34795
34796
34798
34799
34800
34802
34806
34812
34813
34815
34816
34817
34818
34820
34821
34822
34823
34825
34826
34830
34831
34832
34834
34835
34836
34839
34840
34841
34843
34844
34845
34847
34848
34849
34850
34851
34852
34855
34856
34857
34858
34859
34860
34861
34862
34863
34864
34866
34868
34870
34871
34872
34876
34877
34878
34880
34881
34882
34884
34887
34888
34889
34891
34892
34893
34895
34899
34900
34901
34902
34903
34904
34905
34907
34908
34910
34911
34914
34915
34918
34919
34924
34925
34926
34927
34928
34929
34930
34931
34933
34934
34935
34936
34937
34939
34940
34941
34943
34944
34946
34947
34948
34949
34952
34954
34955
34957
34958
34959
34960
34961
34962
34963
34964
34966
34968
34969
34972
34973
34974
34975
34977
34978
34979
34980
34981
34982
34983
34984
34985
34990
34992
34993
34996
34997
34999
35000
35002
35003
35004
35006
35007
35008
35009
35011
35015
35018
35019
35020
35021
35022
35023
35024
35025
35026
35027
35028
35029
35030
35031
35032
35033
35034
35035
35036
35037
35038
35039
35040
35041
35042
35044
35045
35047
35048
35049
35050
35051
35052
35053
35054
35055
35056
35057
35058
35059
35060
35061
35062
35063
35067
35069
35070
35071
35072
35073
35074
35075
35076
35077
35078
35079
35081
35082
35084
35085
35086
35090
35091
35092
35093
35094
35095
35096
35098
35099
35100
35101
35102
35103
35104
35105
35106
35107
35108
35109
35110
35111
35112
35113
35114
35115
35116
35118
35119
35120
35121
35122
35123
35124
35125
35126
35127
35128
35129
35130
35131
35133
35134
35135
35136
35137
35138
35139
35140
35141
35142
35143
35145
35147
35148
35149
35150
35151
35152
35153
35154
35155
35156
35158
35159
35160
35161
35162
35163
35164
35165
35166
35167
35168
35169
35170
35171
35172
35173
35174
35175
35176
35177
35178
35180
35182
35183
35185
35186
35187
35188
35189
35190
35191
35197
35198
35201
35202
35203
35204
35205
35206
35209
35210
35211
35212
35213
35214
35215
35216
35217
35218
35219
35220
35221
35222
35224
35225
35226
35227
35228
35229
35230
35231
35233
35234
35235
35237
35238
35239
35240
35241
35242
35243
35247
35248
35249
35250
35251
35252
35253
35254
35255
35262
35263
35264
35265
35266
35267
35268
35269
35270
35272
35273
35274
35275
35276
35277
35278
35279
35280
35281
35283
35284
35285
35286
35287
35290
35291
35292
35293
35294
35295
35297
35298
35299
35300
35301
35302
35303
35305
35306
35307
35308
35309
35310
35311
35312
35313
35314
35315
35317
35319
35320
35321
35322
35324
35325
35326
35327
35328
35329
35330
35331
35332
35333
35334
35335
35338
35339
35343
35345
35346
35347
35349
35350
35353
35362
35363
35364
35365
35366
35367
35368
35369
35370
35372
35373
35375
35376
35377
35379
35380
35382
35383
35385
35386
35387
35388
35389
35390
35391
35394
35395
35397
35398
35399
35400
35401
35402
35403
35404
35405
35406
35407
35408
35409
35410
35411
35413
35416
35417
35418
35419
35423
35424
35425
35427
35428
35432
35433
35434
35440
35442
35443
35444
35446
35447
35448
35450
35452
35453
35454
35455
35456
35458
35459
35461
35465
35466
35472
35473
35474
35475
35476
35478
35480
35481
35482
35483
35484
35488
35489
35490
35491
35492
35493
35494
35495
35496
35497
35498
35499
35500
35501
35502
35503
35504
35505
35507
35508
35510
35511
35512
35513
35514
35515
35516
35517
35519
35520
35521
35522
35525
35526
35527
35528
35529
35530
35531
35532
35533
35534
35535
35536
35537
35538
35540
35541
35542
35543
35544
35545
35548
35549
35550
35551
35552
35553
35554
35555
35556
35557
35558
35559
35560
35561
35562
35563
35564
35565
35566
35567
35568
35569
35570
35571
35572
35573
35574
35575
35576
35577
35578
35579
35580
35581
35582
35583
35584
35585
35586
35587
35588
35589
35590
35591
35592
35593
35594
35595
35596
35597
35598
35599
35600
35601
35602
35603
35604
35605
35606
35607
35608
35609
35610
35611
35612
35613
35614
35615
35616
35617
35618
35619
35620
35621
35622
35623
35624
35625
35626
35627
35628
35629
35630
35631
35632
35633
35634
35635
35636
35637
35638
35639
35640
35641
35642
35643
35644
35645
35646
35647
35648
35649
35650
35651
35652
35653
35654
35655
35656
35657
35658
35659
35660
35661
35662
35663
35664
35665
35666
35667
35668
35669
35670
35671
35672
35673
35674
35675
35676
35677
35678
35679
35680
35681
35682
35683
35684
35685
35686
35687
35688
35689
35690
35691
35692
35693
35694
35695
35696
35697
35698
35699
35700
35701
35702
35703
35704
35705
35706
35707
35708
35709
35710
35711
35712
35713
35714
35715
35716
35717
35718
35719
35720
35721
35722
35723
35724
35725
35726
35727
35728
35729
35730
35731
35732
35733
35734
35735
35736
35737
35738
35739
35740
35741
35742
35743
35744
35745
35746
35747
35748
35749
35750
35751
35752
35753
35754
35755
35756
35757
35758
35759
35760
35761
35762
35763
35764
35765
35766
35767
35768
35769
35770
35771
35772
35773
35774
35775
35776
35777
35778
35779
35780
35781
35782
35783
35784
35785
35786
35787
35788
35789
35790
35791
35792
35793
35794
35795
35796
35797
35798
35799
35800
35801
35802
35803
35804
35805
35806
35807
35808
35809
35810
35811
35812
35813
35814
35815
35816
35817
35818
35819
35820
35821
35822
35823
35824
35825
35826
35827
35828
35829
35830
35831
35832
35833
35834
35835
35836
35837
35838
35839
35840
35841
35842
35843
35844
35845
35846
35847
35848
35849
35850
35851
35852
35853
35854
35855
35856
35857
35858
35859
35860
35861
35862
35863
35864
35865
35866
35867
35868
35869
35870
35871
35872
35873
35874
35875
35876
35877
35878
35879
35880
35881
35882
35883
35884
35885
35886
35887
35888
35889
35890
35891
35892
35893
35894
35895
35896
35897
35898
35899
35900
35901
35902
35903
35904
35905
35906
35907
35908
35909
35910
35911
35912
35913
35914
35915
35916
35917
35918
35919
35920
35921
35922
35923
35924
35925
35926
35927
35928
35929
35930
35931
35932
35933
35934
35935
35936
35937
35938
35939
35940
35941
35942
35943
35944
35945
35946
35947
35948
35949
35950
35951
35952
35953
35954
35955
35956
35957
35958
35959
35960
35961
35962
35963
35964
35965
35966
35967
35968
35969
35970
35971
35972
35973
35974
35975
35976
35977
35978
35979
35980
35981
35982
35983
35984
35985
35986
35987
35988
35989
35990
35991
35992
35993
35994
35995
35996
35997
35998
35999
36000
36001
36002
36003
36004
36005
36006
36007
36008
36009
36010
36011
36012
36013
36014
36015
36016
36017
36018
36019
36020
36021
36022
36023
36024
36025
36026
36027
36028
36029
36030
36031
36032
36033
36034
36035
36036
36037
36038
36039
36040
36041
36042
36043
36044
36045
36046
36047
36048
36049
36050
36051
36052
36053
36054
36055
36056
36057
36058
36059
36060
36061
36062
36063
36064
36065
36066
36067
36068
36069
36070
36071
36072
36073
36074
36075
36076
36077
36078
36079
36080
36081
36082
36083
36084
36085
36086
36087
36088
36089
36090
36091
36092
36093
36094
36095
36096
36097
36098
36099
36100
36101
36102
36103
36104
36105
36106
36107
36108
36109
36110
36111
36112
36113
36114
36115
36116
36117
36118
36119
36120
36121
36122
36123
36124
36125
36126
36127
36128
36129
36130
36131
36132
36133
36134
36135
36136
36137
36138
36139
36140
36141
36142
36143
36144
36145
36146
36147
36148
36149
36150
36151
36152
36153
36154
36155
36156
36157
36158
36159
36160
36161
36162
36163
36164
36165
36166
36167
36168
36169
36170
36171
36172
36173
36174
36175
36176
36177
36178
36179
36180
36181
36182
36183
36184
36185
36186
36187
36188
36189
36190
36191
36192
36193
36194
36195
36196
36197
36198
36199
36200
36201
36202
36203
36204
36205
36206
36207
36208
36209
36210
36211
36212
36213
36214
36215
36216
36217
36218
36219
36220
36221
36222
36223
36224
36225
36226
36227
36228
36229
36230
36231
36232
36233
36234
36235
36236
36237
36238
36239
36240
36241
36242
36243
36244
36245
36246
36247
36248
36249
36250
36251
36252
36253
36254
36255
36256
36257
36258
36259
36260
36261
36262
36263
36264
36265
36266
36267
36268
36269
36270
36271
36272
36273
36274
36275
36276
36277
36278
36279
36280
36281
36282
36283
36284
36285
36286
36287
36288
36289
36290
36291
36292
36293
36294
36295
36296
36297
36298
36299
36300
36301
36302
36303
36304
36305
36306
36307
36308
36309
36310
36311
36312
36313
36314
36315
36316
36317
36318
36319
36320
36321
36322
36323
36324
36325
36326
36327
36328
36329
36330
36331
36332
36333
36334
36335
36336
36337
36338
36339
36340
36341
36342
36343
36344
36345
36346
36347
36348
36349
36350
36351
36352
36353
36354
36355
36356
36357
36358
36359
36360
36361
36362
36363
36364
36365
36366
36367
36368
36369
36370
36371
36372
36373
36374
36375
36376
36377
36378
36379
36380
36381
36382
36383
36384
36385
36386
36387
36388
36389
36390
36391
36392
36393
36394
36395
36396
36397
36398
36399
36400
36401
36402
36403
36404
36405
36406
36407
36408
36409
36410
36411
36412
36413
36414
36415
36416
36417
36418
36419
36420
36421
36422
36423
36424
36425
36426
36427
36428
36429
36430
36431
36432
36433
36434
36435
36436
36437
36438
36439
36440
36441
36442
36443
36444
36445
36446
36447
36448
36449
36450
36451
36452
36453
36454
36455
36456
36457
36458
36459
36460
36461
36462
36463
36464
36465
36466
36467
36468
36469
36470
36471
36472
36473
36474
36475
36476
36477
36478
36479
36480
36481
36482
36483
36484
36485
36486
36487
36488
36489
36490
36491
36492
36493
36494
36495
36496
36497
36498
36499
36500
36501
36502
36503
36504
36505
36506
36507
36508
36509
36510
36511
36512
36513
36514
36515
36516
36517
36518
36519
36520
36521
36522
36523
36524
36525
36526
36527
36528
36529
36530
36531
36532
36533
36534
36535
36536
36537
36538
36539
36540
36541
36542
36543
36544
36545
36546
36547
36548
36549
36550
36551
36552
36553
36554
36555
36556
36557
36558
36559
36560
36561
36562
36563
36564
36565
36566
36567
36568
36569
36570
36571
36572
36573
36574
36575
36576
36577
36578
36579
36580
36581
36582
36583
36584
36585
36586
36587
36588
36589
36590
36591
36592
36593
36594
36595
36596
36597
36598
36599
36600
36601
36602
36603
36604
36605
36606
36607
36608
36609
36610
36611
36612
36613
36614
36615
36616
36617
36618
36619
36620
36621
36622
36623
36624
36625
36626
36627
36628
36629
36630
36631
36632
36633
36634
36635
36636
36637
36638
36639
36640
36641
36642
36643
36644
36645
36646
36647
36648
36649
36650
36651
36652
36653
36654
36655
36656
36657
36658
36659
36660
36661
36662
36663
36664
36665
36666
36667
36668
36669
36670
36671
36672
36673
36674
36675
36676
36677
36678
36679
36680
36681
36682
36683
36684
36685
36686
36687
36688
36689
36690
36691
36692
36693
36694
36695
36696
36697
36698
36699
36700
36701
36702
36703
36704
36705
36706
36707
36708
36709
36710
36711
36712
36713
36714
36715
36716
36717
36718
36719
36720
36721
36722
36723
36724
36725
36726
36727
36728
36729
36730
36731
36732
36733
36734
36735
36736
36737
36738
36739
36740
36741
36742
36743
36744
36745
36746
36747
36748
36749
36750
36751
36752
36753
36754
36755
36756
36757
36758
36759
36760
36761
36762
36763
36764
36765
36766
36767
36768
36769
36770
36771
36772
36773
36774
36775
36776
36777
36778
36779
36780
36781
36782
36783
36784
36785
36786
36787
36788
36789
36790
36791
36792
36793
36794
36795
36796
36797
36798
36799
36800
36801
36802
36803
36804
36805
36806
36807
36808
36809
36810
36811
36812
36813
36814
36815
36816
36817
36818
36819
36820
36821
36822
36823
36824
36825
36826
36827
36828
36829
36830
36831
36832
36833
36834
36835
36836
36837
36838
36839
36840
36841
36842
36843
36844
36845
36846
36847
36848
36849
36850
36851
36852
36853
36854
36855
36856
36857
36858
36859
36860
36861
36862
36863
36864
36865
36866
36867
36868
36869
36870
36871
36872
36873
36874
36875
36876
36877
36878
36879
36880
36881
36882
36883
36884
36885
36886
36887
36888
36889
36890
36891
36892
36893
36894
36895
36896
36897
36898
36899
36900
36901
36902
36903
36904
36905
36906
36907
36908
36909
36910
36911
36912
36913
36914
36915
36916
36917
36918
36919
36920
36921
36922
36923
36924
36925
36926
36927
36928
36929
36930
36931
36932
36933
36934
36935
36936
36937
36938
36939
36940
36941
36942
36943
36944
36945
36946
36947
36948
36949
36950
36951
36952
36953
36954
36955
36956
36957
36958
36959
36960
36961
36962
36963
36964
36965
36966
36967
36968
36969
36970
36971
36972
36973
36974
36975
36976
36977
36978
36979
36980
36981
36982
36983
36984
36985
36986
36987
36988
36989
36990
36991
36992
36993
36994
36995
36996
36997
36998
36999
37000
37001
37002
37003
37004
37005
37006
37007
37008
37009
37010
37011
37012
37013
37014
37015
37016
37017
37018
37019
37020
37021
37022
37023
37024
37025
37026
37027
37028
37029
37030
37031
37032
37033
37034
37035
37036
37037
37038
37039
37040
37041
37042
37043
37044
37045
37046
37047
37048
37049
37050
37051
37052
37053
37054
37055
37056
37057
37058
37059
37060
37061
37062
37063
37064
37065
37066
37067
37068
37069
37070
37071
37072
37073
37074
37075
37076
37077
37078
37079
37080
37081
37082
37083
37084
37085
37086
37087
37088
37089
37090
37091
37092
37093
37094
37095
37096
37097
37098
37099
37100
37101
37102
37103
37104
37105
37106
37107
37108
37109
37110
37111
37112
37113
37114
37115
37116
37117
37118
37119
37120
37121
37122
37123
37124
37125
37126
37127
37128
37129
37130
37131
37132
37133
37134
37135
37136
37137
37138
37139
37140
37141
37142
37143
37144
37145
37146
37147
37148
37149
37150
37151
37152
37153
37154
37155
37156
37157
37158
37159
37160
37161
37162
37163
37164
37165
37166
37167
37168
37169
37170
37171
37172
37173
37174
37175
37176
37177
37178
37179
37180
37181
37182
37183
37184
37185
37186
37187
37188
37189
37190
37191
37192
37193
37194
37195
37196
37197
37198
37199
37200
37201
37202
37203
37204
37205
37206
37207
37208
37209
37210
37211
37212
37213
37214
37215
37216
37217
37218
37219
37220
37221
37222
37223
37224
37225
37226
37227
37228
37229
37230
37231
37232
37233
37234
37235
37236
37237
37238
37239
37240
37241
37242
37243
37244
37245
37246
37247
37248
37249
37250
37251
37252
37253
37254
37255
37256
37257
37258
37259
37260
37261
37262
37263
37264
37265
37266
37267
37268
37269
37270
37271
37272
37273
37274
37275
37276
37277
37278
37279
37280
37281
37282
37283
37284
37285
37286
37287
37288
37289
37290
37291
37292
37293
37294
37295
37296
37297
37298
37299
37300
37301
37302
37303
37304
37305
37306
37307
37308
37309
37310
37311
37312
37313
37314
37315
37316
37317
37318
37319
37320
37321
37322
37323
37324
37325
37326
37327
37328
37329
37330
37331
37332
37333
37334
37335
37336
37337
37338
37339
37340
37341
37342
37343
37344
37345
37346
37347
37348
37349
37350
37351
37352
37353
37354
37355
37356
37357
37358
37359
37360
37361
37362
37363
37364
37365
37366
37367
37368
37369
37370
37371
37372
37373
37374
37375
37376
37377
37378
37379
37380
37381
37382
37383
37384
37385
37386
37387
37388
37389
37390
37391
37392
37393
37394
37395
37396
37397
37398
37399
37400
37401
37402
37403
37404
37405
37406
37407
37408
37409
37410
37411
37412
37413
37414
37415
37416
37417
37418
37419
37420
37421
37422
37423
37424
37425
37426
37427
37428
37429
37430
37431
37432
37433
37434
37435
37436
37437
37438
37439
37440
37441
37442
37443
37444
37445
37446
37447
37448
37449
37450
37451
37452
37453
37454
37455
37456
37457
37458
37459
37460
37461
37462
37463
37464
37465
37466
37467
37468
37469
37470
37471
37472
37473
37474
37475
37476
37477
37478
37479
37480
37481
37482
37483
37484
37485
37486
37487
37488
37489
37490
37491
37492
37493
37494
37495
37496
37497
37498
37499
37500
37501
37502
37503
37504
37505
37506
37507
37508
37509
37510
37511
37512
37513
37514
37515
37516
37517
37518
37519
37520
37521
37522
37523
37524
37525
37526
37527
37528
37529
37530
37531
37532
37533
37534
37535
37536
37537
37538
37539
37540
37541
37542
37543
37544
37545
37546
37547
37548
37549
37550
37551
37552
37553
37554
37555
37556
37557
37558
37559
37560
37561
37562
37563
37564
37565
37566
37567
37568
37569
37570
37571
37572
37573
37574
37575
37576
37577
37578
37579
37580
37581
37582
37583
37584
37585
37586
37587
37588
37589
37590
37591
37592
37593
37594
37595
37596
37597
37598
37599
37600
37601
37602
37603
37604
37605
37606
37607
37608
37609
37610
37611
37612
37613
37614
37615
37616
37617
37618
37619
37620
37621
37622
37623
37624
37625
37626
37627
37628
37629
37630
37631
37632
37633
37634
37635
37636
37637
37638
37639
37640
37641
37642
37643
37644
37645
37646
37647
37648
37649
37650
37651
37652
37653
37654
37655
37656
37657
37658
37659
37660
37661
37662
37663
37664
37665
37666
37667
37668
37669
37670
37671
37672
37673
37674
37675
37676
37677
37678
37679
37680
37681
37682
37683
37684
37685
37686
37687
37688
37689
37690
37691
37692
37693
37694
37695
37696
37697
37698
37699
37700
37701
37702
37703
37704
37705
37706
37707
37708
37709
37710
37711
37712
37713
37714
37715
37716
37717
37718
37719
37720
37721
37722
37723
37724
37725
37726
37727
37728
37729
37730
37731
37732
37733
37734
37735
37736
37737
37738
37739
37740
37741
37742
37743
37744
37745
37746
37747
37748
37749
37750
37751
37752
37753
37754
37755
37756
37757
37758
37759
37760
37761
37762
37763
37764
37765
37766
37767
37768
37769
37770
37771
37772
37773
37774
37775
37776
37777
37778
37779
37780
37781
37782
37783
37784
37785
37786
37787
37788
37789
37790
37791
37792
37793
37794
37795
37796
37797
37798
37799
37800
37801
37802
37803
37804
37805
37806
37807
37808
37809
37810
37811
37812
37813
37814
37815
37816
37817
37818
37819
37820
37821
37822
37823
37824
37825
37826
37827
37828
37829
37830
37831
37832
37833
37834
37835
37836
37837
37838
37839
37840
37841
37842
37843
37844
37845
37846
37847
37848
37849
37850
37851
37852
37853
37854
37855
37856
37857
37858
37859
37860
37861
37862
37863
37864
37865
37866
37867
37868
37869
37870
37871
37872
37873
37874
37875
37876
37877
37878
37879
37880
37881
37882
37883
37884
37885
37886
37887
37888
37889
37890
37891
37892
37893
37894
37895
37896
37897
37898
37899
37900
37901
37902
37903
37904
37905
37906
37907
37908
37909
37910
37911
37912
37913
37914
37915
37916
37917
37918
37919
37920
37921
37922
37923
37924
37925
37926
37927
37928
37929
37930
37931
37932
37933
37934
37935
37936
37937
37938
37939
37940
37941
37942
37943
37944
37945
37946
37947
37948
37949
37950
37951
37952
37953
37954
37955
37956
37957
37958
37959
37960
37961
37962
37963
37964
37965
37966
37967
37968
37969
37970
37971
37972
37973
37974
37975
37976
37977
37978
37979
37980
37981
37982
37983
37984
37985
37986
37987
37988
37989
37990
37991
37992
37993
37994
37995
37996
37997
37998
37999
38000
38001
38002
38003
38004
38005
38006
38007
38008
38009
38010
38011
38012
38013
38014
38015
38016
38017
38018
38019
38020
38021
38022
38023
38024
38025
38026
38027
38028
38029
38030
38031
38032
38033
38034
38035
38036
38037
38038
38039
38040
38041
38042
38043
38044
38045
38046
38047
38048
38049
38050
38051
38052
38053
38054
38055
38056
38057
38058
38059
38060
38061
38062
38063
38064
38065
38066
38067
38068
38069
38070
38071
38072
38073
38074
38075
38076
38077
38078
38079
38080
38081
38082
38083
38084
38085
38086
38087
38088
38089
38090
38091
38092
38093
38094
38095
38096
38097
38098
38099
38100
38101
38102
38103
38104
38105
38106
38107
38108
38109
38110
38111
38112
38113
38114
38115
38116
38117
38118
38119
38120
38121
38122
38123
38124
38125
38126
38127
38128
38129
38130
38131
38132
38133
38134
38135
38136
38137
38138
38139
38140
38141
38142
38143
38144
38145
38146
38147
38148
38149
38150
38151
38152
38153
38154
38155
38156
38157
38158
38159
38160
38161
38162
38163
38164
38165
38166
38167
38168
38169
38170
38171
38172
38173
38174
38175
38176
38177
38178
38179
38180
38181
38182
38183
38184
38185
38186
38187
38188
38189
38190
38191
38192
38193
38194
38195
38196
38197
38198
38199
38200
38201
38202
38203
38204
38205
38206
38207
38208
38209
38210
38211
38212
38213
38214
38215
38216
38217
38218
38219
38220
38221
38222
38223
38224
38225
38226
38227
38228
38229
38230
38231
38232
38233
38234
38235
38236
38237
38238
38239
38240
38241
38242
38243
38244
38245
38246
38247
38248
38249
38250
38251
38252
38253
38254
38255
38256
38257
38258
38259
38260
38261
38262
38263
38264
38265
38266
38267
38268
38269
38270
38271
38272
38273
38274
38275
38276
38277
38278
38279
38280
38281
38282
38283
38284
38285
38286
38287
38288
38289
38290
38291
38292
38293
38294
38295
38296
38297
38298
38299
38300
38301
38302
38303
38304
38305
38306
38307
38308
38309
38310
38311
38312
38313
38314
38315
38316
38317
38318
38319
38320
38321
38322
38323
38324
38325
38326
38327
38328
38329
38330
38331
38332
38333
38334
38335
38336
38337
38338
38339
38340
38341
38342
38343
38344
38345
38346
38347
38348
38349
38350
38351
38352
38353
38354
38355
38356
38357
38358
38359
38360
38361
38362
38363
38364
38365
38366
38367
38368
38369
38370
38371
38372
38373
38374
38375
38376
38377
38378
38379
38380
38381
38382
38383
38384
38385
38386
38387
38388
38389
38390
38391
38392
38393
38394
38395
38396
38397
38398
38399
38400
38401
38402
38403
38404
38405
38406
38407
38408
38409
38410
38411
38412
38413
38414
38415
38416
38417
38418
38419
38420
38421
38422
38423
38424
38425
38426
38427
38428
38429
38430
38431
38432
38433
38434
38435
38436
38437
38438
38439
38440
38441
38442
38443
38444
38445
38446
38447
38448
38449
38450
38451
38452
38453
38454
38455
38456
38457
38458
38459
38460
38461
38462
38463
38464
38465
38466
38467
38468
38469
38470
38471
38472
38473
38474
38475
38476
38477
38478
38479
38480
38481
38482
38483
38484
38485
38486
38487
38488
38489
38490
38491
38492
38493
38494
38495
38496
38497
38498
38499
38500
38501
38502
38503
38504
38505
38506
38507
38508
38509
38510
38511
38512
38513
38514
38515
38516
38517
38518
38519
38520
38521
38522
38523
38524
38525
38526
38527
38528
38529
38530
38531
38532
38533
38534
38535
38536
38537
38538
38539
38540
38541
38542
38543
38544
38545
38546
38547
38548
38549
